X shape is (4898, 10)
y shape is (4898,)
--------------------------------------------
               Decision Trees               
--------------------------------------------
             Confusion Matrix               
--------------------------------------------

Confusion Matrix for Max Depth:  5
Score is: 
0.519387755102
Matrix is: 
[[  0   0   0   0   0   0   0   0   0   0   0]
 [  0   0   0   0   0   0   0   0   0   0   0]
 [  0   0   0   0   0   0   0   0   0   0   0]
 [  0   0   0   0   0   1   1   0   0   0   0]
 [  0   0   0   0   4  13  12   0   0   0   0]
 [  0   0   0   0   4 157 116   3   0   0   0]
 [  0   0   0   0   2 102 294  50   2   0   0]
 [  0   0   0   0   0  10 115  54   1   0   0]
 [  0   0   0   0   0   2  22  14   0   0   0]
 [  0   0   0   0   0   1   0   0   0   0   0]
 [  0   0   0   0   0   0   0   0   0   0   0]]
                   P Values                 
--------------------------------------------
Pair 1 and 2
0.569321836613
Pair 1 and 3
0.47680364871
Pair 1 and 4
0.730776250153
Pair 1 and 5
0.404447083036
Pair 2 and 3
0.2468967803
Pair 2 and 4
0.394382038797
Pair 2 and 5
0.188190426872
Pair 3 and 4
0.931308792728
Pair 3 and 5
0.533888479759
Pair 4 and 5
0.474595662269
--------------------------------------------
               Random Forests               
--------------------------------------------
             Confusion Matrix               
--------------------------------------------

Confusion Matrix for a seed of  5
Score is: 
0.689795918367
Matrix is: 
[[  0   0   0   0   0   0   0   0   0   0   0]
 [  0   0   0   0   0   0   0   0   0   0   0]
 [  0   0   0   0   0   0   0   0   0   0   0]
 [  0   0   0   0   0   1   1   0   0   0   0]
 [  0   0   0   0   7  15   7   0   0   0   0]
 [  0   0   0   0   4 192  82   2   0   0   0]
 [  0   0   0   0   4  58 368  19   1   0   0]
 [  0   0   0   0   0   6  83  91   0   0   0]
 [  0   0   0   0   0   0  13   7  18   0   0]
 [  0   0   0   0   0   0   1   0   0   0   0]
 [  0   0   0   0   0   0   0   0   0   0   0]]
                   P Values                 
--------------------------------------------
Pair 1 and 2
0.620049980622
Pair 1 and 3
0.928884028404
Pair 1 and 4
0.313923655323
Pair 1 and 5
0.658678519351
Pair 2 and 3
0.658979181796
Pair 2 and 4
0.0956173672087
Pair 2 and 5
0.787264812359
Pair 3 and 4
0.330433281206
Pair 3 and 5
0.819068429466
Pair 4 and 5
0.390459606366
--------------------------------------------
            K-Nearest Neighbors             
--------------------------------------------
             Confusion Matrix               
--------------------------------------------

Confusion Matrix for a k of :  5
Score is: 
0.45612244898
Matrix is: 
[[  0   0   0   0   0   0   0   0   0   0   0]
 [  0   0   0   0   0   0   0   0   0   0   0]
 [  0   0   0   0   0   0   0   0   0   0   0]
 [  0   0   0   0   1   0   1   0   0   0   0]
 [  0   0   0   0   3   9  14   3   0   0   0]
 [  0   0   0   0  10 145 113  12   0   0   0]
 [  0   0   0   0  12 140 250  40   8   0   0]
 [  0   0   0   0   0  28 103  45   4   0   0]
 [  0   0   0   0   1  12  16   5   4   0   0]
 [  0   0   0   0   0   0   1   0   0   0   0]
 [  0   0   0   0   0   0   0   0   0   0   0]]
                   P Values                 
--------------------------------------------
Pair 1 and 2
0.507342814179
Pair 1 and 3
0.51346709289
Pair 1 and 4
0.984845735793
Pair 1 and 5
0.342369647391
Pair 2 and 3
0.761364232262
Pair 2 and 4
0.539859347973
Pair 2 and 5
0.356772859435
Pair 3 and 4
0.305959718957
Pair 3 and 5
0.315467053006
Pair 4 and 5
0.138990412257
--------------------------------------------
               Neural Net                   
--------------------------------------------
             Confusion Matrix               
--------------------------------------------

Confusion Matrix for layers:  [10, 10, 10] iterations:  100
Score is: 
0.472448979592
Matrix is: 
[[  0   0   0   0   0   0   0   0   0   0   0]
 [  0   0   0   0   0   0   0   0   0   0   0]
 [  0   0   0   0   0   0   0   0   0   0   0]
 [  0   0   0   0   0   1   1   0   0   0   0]
 [  0   0   0   0   0   3  26   0   0   0   0]
 [  0   0   0   0   0  76 204   0   0   0   0]
 [  0   0   0   0   0  63 387   0   0   0   0]
 [  0   0   0   0   0  12 168   0   0   0   0]
 [  0   0   0   0   0   0  38   0   0   0   0]
 [  0   0   0   0   0   0   1   0   0   0   0]
 [  0   0   0   0   0   0   0   0   0   0   0]]
                   P Values                 
--------------------------------------------
Pair 1 and 2
Scores are Identical
Pair 1 and 3
Scores are Identical
Pair 1 and 4
Scores are Identical
Pair 1 and 5
Scores are Identical
Pair 2 and 3
Scores are Identical
Pair 2 and 4
Scores are Identical
Pair 2 and 5
Scores are Identical
Pair 3 and 4
Scores are Identical
Pair 3 and 5
Scores are Identical
Pair 4 and 5
Scores are Identical
